100
2.5
2.49898610398
2.49250034112
2.4778544179
2.45685739715
2.43581541969
2.42371441745
2.42909829223
2.45663438667
2.50453625128
2.56382486288
2.61989439926
2.65615033806
2.65881012337
2.62150879804
2.54828128777
2.45384728341
2.36082469978
2.29436227172
2.27547061054
2.31481251118
2.40873049906
2.5388082127
2.67538566436
2.78439580482
2.83594060178
2.81244443558
2.71418949224
2.5605911588
2.38659428912
2.23481564406
2.14520583938
2.14474806617
2.2398389209
2.41344504824
2.62801328721
2.83369428512
2.980071684
3.02862229828
2.96282793326
2.79331748823
2.55655083214
2.30710067858
2.10517394606
2.00224629652
2.02824623305
2.18346276267
2.43730247108
2.73442676842
3.00703248745
3.19052433654
3.2389381486
3.13643685808
2.90204309156
2.58630653189
2.26048061866
2.00055870661
1.8697755646
1.90361215189
2.1008372707
2.42278506462
2.80120395283
3.15304645245
3.39895327927
3.48129340232
3.37766532408
3.1067383246
2.72500098014
2.3150096055
1.96763590085
1.76217385045
1.74867520444
1.93642720558
2.29116524428
2.74171958814
3.1947447781
3.55442068369
3.74292796392
3.7173190369
3.47916369091
3.07487820379
2.58661633971
2.1155890825
1.76126692862
1.6007742734
1.67273876176
1.96892933563
2.43540670624
2.98296120622
3.50472728425
3.89742527219
4.08197367149
4.01936935777
3.71870354211
3.23575960161
2.66250115707
2.10953337336
1.68496109479
1.47372378177
1.52134728209
